0.00 0.00 886.00 -886.00
20.00 2248.00 1822.00 426.00
40.00 4432.00 2790.00 1642.00
60.00 6552.00 3790.00 2762.00
80.00 8608.00 4822.00 3786.00
100.00 10600.00 5886.00 4714.00
120.00 12528.00 6982.00 5546.00
140.00 14392.00 8110.00 6282.00
160.00 16192.00 9270.00 6922.00
180.00 17928.00 10462.00 7466.00
200.00 19600.00 11686.00 7914.00
220.00 21208.00 12942.00 8266.00
240.00 22752.00 14230.00 8522.00
260.00 24232.00 15550.00 8682.00
280.00 25648.00 16902.00 8746.00
300.00 27000.00 18286.00 8714.00
320.00 28288.00 19702.00 8586.00
340.00 29512.00 21150.00 8362.00
360.00 30672.00 22630.00 8042.00
380.00 31768.00 24142.00 7626.00
400.00 32800.00 25686.00 7114.00
420.00 33768.00 27262.00 6506.00
440.00 34672.00 28870.00 5802.00
460.00 35512.00 30510.00 5002.00
480.00 36288.00 32182.00 4106.00
500.00 37000.00 33886.00 3114.00
